%YAML:1.0
img1: !!opencv-matrix
   rows: 1
   cols: 150
   dt: f
   data: [ 2.94906180e-02, 2.68096523e-03, 2.68096523e-03,
       1.34048257e-02, 1.60857923e-02, 2.94906180e-02, 1.60857923e-02,
       1.07238609e-02, 5.36193047e-03, 0., 0., 1.34048257e-02, 0.,
       1.60857923e-02, 5.36193047e-03, 2.41286866e-02, 5.36193047e-03,
       0., 8.04289617e-03, 5.36193047e-03, 1.87667571e-02,
       2.68096523e-03, 2.68096523e-03, 0., 0., 0., 0., 5.36193047e-03,
       0., 1.87667571e-02, 0., 8.04289617e-03, 8.04289617e-03, 0.,
       2.68096523e-03, 0., 2.68096523e-03, 8.04289617e-03, 0., 0., 0.,
       2.68096523e-03, 8.04289617e-03, 0., 5.36193047e-03, 0.,
       1.60857923e-02, 0., 5.36193047e-03, 1.07238609e-02, 0.,
       2.14477219e-02, 1.34048257e-02, 5.36193047e-03, 8.04289617e-03,
       1.60857923e-02, 0., 8.04289617e-03, 0., 1.34048257e-02, 0.,
       5.36193047e-03, 8.04289617e-03, 1.34048257e-02, 5.36193047e-03,
       8.04289617e-03, 0., 8.04289617e-03, 1.07238609e-02,
       8.04289617e-03, 1.60857923e-02, 1.87667571e-02, 5.36193047e-03,
       1.34048257e-02, 1.07238609e-02, 8.04289617e-03, 0.,
       8.04289617e-03, 1.60857923e-02, 1.07238609e-02, 5.36193047e-03,
       5.36193047e-03, 2.68096523e-03, 2.68096523e-03, 5.36193047e-03,
       0., 5.36193047e-03, 1.34048257e-02, 0., 0., 2.14477219e-02, 0.,
       0., 0., 8.04289617e-03, 1.07238609e-02, 0., 0., 0.,
       8.04289617e-03, 5.36193047e-03, 2.68096523e-03, 2.68096514e-02,
       2.14477219e-02, 5.36193047e-03, 0., 2.68096523e-03,
       1.07238609e-02, 1.07238609e-02, 0., 1.07238609e-02, 0.,
       1.07238609e-02, 0., 3.48525494e-02, 0., 1.60857923e-02, 0.,
       5.36193047e-03, 2.68096523e-03, 0., 0., 1.87667571e-02,
       5.36193047e-03, 0., 0., 1.87667571e-02, 0., 2.68096523e-03, 0.,
       2.68096523e-03, 5.36193047e-03, 8.04289617e-03, 8.04289617e-03,
       2.68096523e-03, 0., 5.36193047e-03, 5.36193047e-03, 0.,
       8.04289617e-03, 1.60857923e-02, 0., 8.04289617e-03,
       2.68096523e-03, 5.36193047e-03, 1.34048257e-02, 1.07238609e-02,
       2.68096523e-03, 2.68096523e-03, 2.68096523e-03 ]
