%YAML:1.0
vocabulary: !!opencv-matrix
   rows: 21
   cols: 64
   dt: f
   data: [ -5.76938561e-04, 5.58263680e-04, 5.54087060e-03,
       3.92861338e-03, 1.10651711e-02, -2.66600488e-04, 6.38998076e-02,
       2.78296899e-02, 1.73458748e-03, 5.97734796e-03, 2.93184593e-02,
       2.58565079e-02, -5.22375514e-04, 5.17714769e-04, 4.14880598e-03,
       3.58165172e-03, -6.42033192e-05, 3.09466850e-03, 3.72249298e-02,
       2.37102099e-02, 1.24048561e-01, 1.96072832e-02, 5.79754770e-01,
       1.66243255e-01, -6.59007160e-03, 3.23651880e-02, 1.65564880e-01,
       1.32310897e-01, -5.85376611e-03, 1.72965485e-03, 2.87213959e-02,
       2.01790333e-02, 5.12499420e-04, -2.84530385e-03, 3.70439291e-02,
       2.37378310e-02, 1.20431922e-01, -1.88804865e-02, 5.79166710e-01,
       1.64407447e-01, -5.08510508e-03, -3.29795480e-02, 1.67821333e-01,
       1.34864897e-01, -5.81485592e-03, -1.78180297e-03, 2.84904838e-02,
       2.05670595e-02, -5.03236661e-04, -5.34362975e-04, 5.46812266e-03,
       3.87832406e-03, 9.98087320e-03, 6.20808918e-04, 6.45556673e-02,
       2.71085072e-02, 2.14511761e-03, -6.01875549e-03, 2.93228123e-02,
       2.55245231e-02, -5.34416351e-04, -5.44491806e-04, 4.11124155e-03,
       3.60188168e-03, -5.74336264e-05, -3.49492067e-04, 4.94784024e-03,
       5.07682329e-03, 5.14014810e-03, 4.41694719e-04, 3.87805924e-02,
       3.73361260e-02, 4.62900801e-03, 2.50108610e-03, 4.01620939e-02,
       3.54623646e-02, -1.39098905e-04, 3.85619729e-04, 5.11019351e-03,
       4.83029475e-03, -5.73084364e-03, -1.02137541e-02, 3.36091295e-02,
       3.59537080e-02, 2.39402279e-02, -1.70740396e-01, 2.41160110e-01,
       3.24749470e-01, 1.74146801e-01, -4.87088896e-02, 3.53386253e-01,
       2.94550598e-01, -7.45591614e-03, 7.93616101e-03, 3.68230455e-02,
       3.69455405e-02, -1.21467160e-02, -6.89820212e-04, 3.22014168e-02,
       2.70236172e-02, -1.65396798e-02, 1.88219622e-02, 1.56651288e-01,
       1.40528053e-01, 3.28396946e-01, 2.30235271e-02, 4.50344950e-01,
       1.94826633e-01, -1.26244612e-02, -2.52245972e-03, 3.84534150e-02,
       3.05936579e-02, -1.03118340e-03, 9.73278540e-04, 4.51065786e-03,
       4.25395230e-03, 3.61773884e-03, 1.26077468e-02, 2.99229175e-02,
       3.02896798e-02, 2.52450835e-02, -1.02703704e-03, 4.89662699e-02,
       3.29943672e-02, -6.17099809e-04, -1.02802541e-03, 5.24051208e-03,
       4.73272754e-03, -2.51587189e-04, -1.86867852e-04, 4.59536072e-03,
       3.63932503e-03, 9.28187836e-03, -5.97615784e-04, 3.86756063e-02,
       2.60178577e-02, 1.46367238e-03, 2.67797732e-03, 4.70169857e-02,
       2.83885747e-02, -2.80973007e-04, 4.60702780e-04, 5.40023856e-03,
       4.20392258e-03, -4.64403024e-03, -7.43791694e-04, 3.61417271e-02,
       2.39607804e-02, 1.54821604e-01, 2.71075200e-02, 3.38185757e-01,
       1.63358435e-01, -4.07213196e-02, 3.91497090e-02, 4.40310031e-01,
       1.95394620e-01, -5.26968762e-03, 3.08927777e-03, 4.31218483e-02,
       2.74097119e-02, -4.87509836e-03, 1.19493040e-03, 3.74633446e-02,
       2.39078943e-02, 1.74173638e-01, -2.03891192e-02, 3.62872034e-01,
       1.61442116e-01, -5.92879727e-02, -3.02478764e-02, 4.61129546e-01,
       1.92751393e-01, -5.12760738e-03, -2.51938589e-03, 4.38088663e-02,
       2.69671082e-02, -3.97169410e-04, 2.38611217e-04, 4.88648750e-03,
       3.74228973e-03, 1.17839212e-02, 4.71475447e-04, 4.24920656e-02,
       2.71160435e-02, -7.99647649e-04, -3.21604707e-03, 5.02049364e-02,
       2.96839774e-02, -1.98862370e-04, -4.28379164e-04, 5.63719077e-03,
       4.31714905e-03, -1.73216264e-04, 2.35404557e-04, 4.29134630e-03,
       3.34767741e-03, -1.62559431e-02, -3.74608673e-03, 3.96022275e-02,
       2.28133481e-02, 2.81940773e-02, 5.14553278e-04, 4.78935391e-02,
       2.33713258e-02, -6.44778716e-04, 7.07257132e-04, 4.12741397e-03,
       3.41234799e-03, 2.07916624e-03, 2.48272624e-03, 3.04510035e-02,
       2.11045556e-02, -2.01198488e-01, -2.34541763e-02, 3.18219423e-01,
       1.39929041e-01, 3.12070101e-01, -1.85458753e-02, 4.08681363e-01,
       1.27807856e-01, -9.78452433e-03, 3.01702460e-03, 2.92200819e-02,
       1.87586863e-02, 1.56023831e-03, -2.50065792e-03, 3.04817427e-02,
       2.13994700e-02, -1.98817074e-01, 2.07210705e-02, 3.15766454e-01,
       1.38609290e-01, 3.12270671e-01, 1.72241870e-02, 4.08428371e-01,
       1.27557829e-01, -9.94502939e-03, -3.13546415e-03, 2.89885178e-02,
       1.89123377e-02, -3.17068683e-04, -3.00303684e-04, 4.31620749e-03,
       3.41110793e-03, -1.56241152e-02, 3.62751563e-03, 3.95670421e-02,
       2.28652228e-02, 2.78901346e-02, -8.16182524e-04, 4.74736094e-02,
       2.34362558e-02, -6.82589074e-04, -7.32409011e-04, 4.12146794e-03,
       3.43256700e-03, -3.50511138e-04, -5.67056646e-04, 4.57432773e-03,
       4.47366200e-03, 8.77993554e-03, -1.39856990e-03, 3.81670445e-02,
       3.40409800e-02, 1.54155446e-03, 1.15069223e-03, 3.80119793e-02,
       4.04590778e-02, 1.47586383e-04, 2.28606295e-04, 5.43649215e-03,
       5.76837081e-03, -9.43733659e-03, -3.72504233e-03, 3.18081975e-02,
       2.96210926e-02, 2.01261640e-01, 4.18178290e-02, 3.27400863e-01,
       2.36414060e-01, -4.50997129e-02, 1.38042599e-01, 2.71821827e-01,
       3.43328357e-01, -3.06788064e-03, 4.91052866e-03, 3.90947163e-02,
       4.32474539e-02, -9.39041097e-03, 3.31300357e-03, 3.17976251e-02,
       2.94020362e-02, 2.13669702e-01, -3.89888696e-02, 3.38797003e-01,
       2.33685121e-01, -5.44489287e-02, -1.30419910e-01, 2.82649994e-01,
       3.40706348e-01, -3.37675493e-03, -4.62702243e-03, 3.96288112e-02,
       4.32400070e-02, -3.31476738e-04, 6.47759764e-04, 4.62935679e-03,
       4.57092933e-03, 9.96797625e-03, 1.11688417e-03, 3.95082086e-02,
       3.49055231e-02, 1.15679519e-03, -2.07107794e-03, 3.90455611e-02,
       4.09946255e-02, 4.17076226e-05, -2.49519711e-04, 5.47218230e-03,
       5.84222656e-03, -6.19668630e-04, -5.07660967e-04, 3.43040819e-03,
       3.39060184e-03, 4.01191553e-03, -7.36080017e-03, 2.68702824e-02,
       2.61166636e-02, 1.32512851e-02, -6.94455695e-04, 4.29079533e-02,
       4.29637693e-02, 2.83899397e-04, 4.32893052e-04, 5.78130502e-03,
       6.91251969e-03, -6.41243579e-03, -1.49001891e-03, 2.16150209e-02,
       1.91126168e-02, 1.34014124e-02, -3.02163195e-02, 1.43528327e-01,
       1.27025887e-01, 2.11098269e-01, -1.60766151e-02, 4.24465656e-01,
       3.83941531e-01, -4.89387615e-03, 4.33205906e-03, 4.68499884e-02,
       5.53645901e-02, -6.23819046e-03, 1.48023001e-03, 2.19815988e-02,
       1.95925981e-02, 1.52326180e-02, 3.08866613e-02, 1.46129444e-01,
       1.28783762e-01, 2.04648823e-01, 1.32617801e-02, 4.17056859e-01,
       3.84239107e-01, -4.55835601e-03, -5.02274977e-03, 4.67293374e-02,
       5.60420305e-02, -5.51066245e-04, 4.77700756e-04, 3.41223693e-03,
       3.39068891e-03, 3.92677402e-03, 7.15575973e-03, 2.71659624e-02,
       2.62816790e-02, 1.30350702e-02, 8.20851885e-04, 4.21872735e-02,
       4.25394848e-02, 3.58673104e-04, -3.12121265e-04, 5.75146684e-03,
       6.79048384e-03, -1.37189124e-03, -8.71315773e-04, 5.18539129e-03,
       3.83500196e-03, 3.76190543e-02, -1.30541087e-03, 5.68979308e-02,
       2.77530476e-02, 2.75820307e-03, 9.64510348e-03, 2.56256517e-02,
       2.41737533e-02, -1.08153012e-03, 7.39590148e-04, 3.91439162e-03,
       3.45357717e-03, -1.80563815e-02, -3.56500270e-03, 3.72554287e-02,
       2.34984905e-02, 3.82709384e-01, 2.36816891e-02, 4.85251248e-01,
       1.58855453e-01, -7.77739612e-03, 3.11549995e-02, 1.34132087e-01,
       1.07748292e-01, -9.89973638e-03, 1.63035654e-03, 2.66830679e-02,
       1.88163631e-02, -1.78616475e-02, 3.72895063e-03, 3.72265801e-02,
       2.37590894e-02, 3.80365640e-01, -2.24239882e-02, 4.84282017e-01,
       1.61379173e-01, -6.34988304e-03, -3.14184017e-02, 1.33293033e-01,
       1.08391516e-01, -9.64677893e-03, -1.50487176e-03, 2.64166407e-02,
       1.90107245e-02, -1.30673335e-03, 8.50312237e-04, 5.19820023e-03,
       3.89359053e-03, 3.67821157e-02, 1.28722377e-03, 5.67139797e-02,
